64 123 0.1600982863604741 0.43098365113952586
127 196 0.1782809657930508 0.525153434206949
206 232 0.03694486380414613 0.12055922419585385
247 275 0.13449604149818822 0.6931962160018117
309 349 0.2286844708498538 0.6875814156501462
353 436 0.149968105805776 0.613076719194224
447 480 0.07584380832429094 0.38466660192570906
484 577 0.005036553658186782 0.21619333565818677
591 630 0.03634366574000952 0.5819938437400096
650 666 0.027253438476694494 0.18489084402330552
676 728 0.03479195676194603 0.279528586738054
738 831 0.09898804903143685 0.4753740442814368
845 1081 0.011552916472464134 0.19971981402753586
1087 1241 0.08125720763012462 0.2884916543698754
1247 1802 0.038153594004533 0.6467002084954669
1970 5412 0.05606629707458674 0.4877143800745867
