Non-Repeat matrix: 
0.09263714   0.06877683   0.06890537   0.068888105   0.06245282   0.07098608   0.069531046   0.07319804   0.06517169   0.06784559   0.07372528   0.06991153   0.07027258   0.067243025   0.075644605   0.07457545   0.066030204   0.06703334   0.065651424   0.07340154   

0.051873367   0.07557901   0.051627845   0.05495   0.054546326   0.05438687   0.06047219   0.052227836   0.05444988   0.052294012   0.05465219   0.053970378   0.051713485   0.053894255   0.0481574   0.051694613   0.041962888   0.058968864   0.05474016   0.051354393   

0.035180278   0.034272157   0.0510391   0.038344868   0.040067688   0.036269188   0.03277133   0.035323273   0.036552176   0.041658603   0.037233055   0.037925374   0.041330397   0.041935947   0.030856844   0.037075978   0.03321663   0.040888   0.040518537   0.03658409   

0.04565238   0.050483264   0.04957375   0.061678227   0.051445596   0.041445855   0.05430484   0.04570883   0.049126897   0.052046277   0.049273737   0.052382015   0.049074065   0.05411135   0.039788444   0.047475826   0.03974393   0.051467367   0.05559825   0.04893106   

0.015560116   0.018499427   0.020280737   0.019291317   0.04271089   0.015348357   0.016512992   0.017728534   0.02202716   0.018654928   0.018596312   0.017419433   0.016457371   0.020791315   0.015450891   0.01790371   0.015286014   0.023711866   0.02256507   0.018719692   

0.05528185   0.055222712   0.05520934   0.046859484   0.0448459   0.09646556   0.054901894   0.051247936   0.05902687   0.047754206   0.055994213   0.049183946   0.060188208   0.047845867   0.055249743   0.05068214   0.049061425   0.050043184   0.049462344   0.048929926   

0.07314572   0.08635972   0.06785612   0.08378025   0.0696351   0.07792983   0.10815561   0.06535747   0.06927031   0.073330976   0.07697999   0.090987824   0.07286768   0.0689493   0.061791617   0.06940995   0.05933743   0.07474118   0.06745307   0.07385464   

0.0735563   0.070136905   0.07225559   0.06918178   0.068782434   0.06716063   0.06232459   0.104789495   0.07086937   0.06605   0.0663576   0.06149359   0.07127298   0.07468381   0.083191104   0.074854776   0.067505114   0.06865309   0.07169833   0.06952341   

0.021909581   0.02343457   0.023190208   0.022914313   0.027868368   0.024306418   0.020851161   0.022358187   0.03263557   0.023441859   0.02418708   0.021223072   0.023690052   0.023444604   0.020816676   0.023082282   0.019938437   0.024586331   0.02718432   0.022630481   

0.036181215   0.037625827   0.043960687   0.04218722   0.040465035   0.034280878   0.038117435   0.0346244   0.04091667   0.048353415   0.041189723   0.04235617   0.04136625   0.04468178   0.032394055   0.03714108   0.041552726   0.041074995   0.04428524   0.04159919   

0.08490915   0.0853651   0.08451057   0.08418794   0.08709952   0.086636916   0.0864926   0.07716988   0.08954642   0.087009646   0.09694212   0.0838493   0.08759312   0.089196175   0.07556845   0.08127674   0.07003179   0.088820904   0.08624852   0.087528   

0.055046674   0.06026594   0.05728934   0.061484583   0.05858505   0.05439014   0.06904667   0.049243364   0.054402947   0.059707213   0.05672173   0.0843925   0.054576036   0.055307962   0.04635048   0.05557896   0.04825739   0.053678002   0.055897973   0.05785371   

0.022789616   0.021648124   0.024406187   0.022701278   0.021896655   0.024387307   0.021018496   0.024270173   0.02325834   0.023797477   0.023736289   0.021788789   0.03393182   0.023875449   0.021156544   0.021944847   0.01909319   0.023001181   0.0235268   0.02271813   

0.029539386   0.030221263   0.034689374   0.032895226   0.035437774   0.027914768   0.029325342   0.030346448   0.033616498   0.034247603   0.033575006   0.03049718   0.032574266   0.0392715   0.026248679   0.028305275   0.02598496   0.036039297   0.036446035   0.0326351   

0.07720712   0.065464415   0.060537945   0.061091207   0.06156307   0.07384674   0.06078075   0.08315369   0.06924027   0.06290025   0.064211056   0.05892062   0.06918766   0.061836775   0.11580243   0.073593915   0.093926586   0.06260109   0.063265115   0.06901044   

0.08609631   0.08162012   0.088353686   0.086930975   0.08135406   0.080026634   0.079617284   0.089705504   0.08522807   0.081257984   0.08281037   0.08456697   0.08245299   0.0803369   0.08795385   0.1099967   0.08166073   0.07785801   0.0833141   0.083836675   

0.058688406   0.049305987   0.05606942   0.052865747   0.054701548   0.05608125   0.051559813   0.05952051   0.054634742   0.06610638   0.053836614   0.05316678   0.05388267   0.054661445   0.083466254   0.061689764   0.14601715   0.053938214   0.052074812   0.066154785   

0.0079843495   0.009577457   0.009400859   0.00952433   0.010989912   0.007588922   0.008304245   0.008553033   0.009938061   0.008842519   0.009158941   0.008910815   0.008534728   0.010703739   0.0074187755   0.00756681   0.0069523766   0.013832246   0.010254909   0.009126924   

0.019908722   0.023305701   0.02499078   0.02429229   0.026386222   0.020219605   0.02078461   0.022083495   0.025285345   0.024731562   0.022527577   0.021251515   0.023123005   0.027022867   0.01906213   0.021729177   0.018345542   0.029122772   0.031597186   0.022982907   

0.056852445   0.05283555   0.055853054   0.055950858   0.059165988   0.050328106   0.05512717   0.053389963   0.054802675   0.059969634   0.058291107   0.055802148   0.055910643   0.060205895   0.053631064   0.054421987   0.056095444   0.059940126   0.05821782   0.0626249   



Repeat matrix: 
0.11644025   0.073552266   0.07202125   0.07505927   0.079645775   0.068149775   0.09203386   0.07414408   0.07848081   0.07827815   0.07378132   0.10814138   0.08051029   0.07412929   0.07395699   0.07461643   0.07474183   0.06798107   0.06929414   0.08510661   

0.04465969   0.090320975   0.045790117   0.0585945   0.046726502   0.051027417   0.054783173   0.044517748   0.04830394   0.052943457   0.051052693   0.041437387   0.053203207   0.050173663   0.03908075   0.043619465   0.03324198   0.057300936   0.048174635   0.0481739   

0.026102904   0.029475087   0.04625731   0.030255577   0.0335308   0.035402432   0.023178363   0.030826515   0.029739898   0.0398326   0.032496706   0.02941802   0.03915741   0.036971625   0.025587102   0.027224012   0.023383658   0.042207964   0.040097628   0.030837078   

0.04261304   0.06297775   0.05231374   0.07932838   0.041415583   0.03112418   0.04483017   0.043025244   0.0568396   0.052785646   0.05612796   0.046030253   0.046835583   0.062332205   0.03870691   0.04972294   0.040772468   0.06327242   0.05356443   0.05224283   

0.022015411   0.020585418   0.021386292   0.019646747   0.07399309   0.015756246   0.021483246   0.017710669   0.029734505   0.019389816   0.020378632   0.029499605   0.012049476   0.026178235   0.021251172   0.01742622   0.017670289   0.017997902   0.021790754   0.022158507   

0.0466031   0.06074496   0.069270685   0.03957159   0.039692532   0.14748508   0.06724147   0.05276035   0.0569839   0.058609735   0.058479935   0.04948058   0.13042301   0.036944937   0.058146663   0.04329128   0.0360486   0.086428955   0.047084354   0.04463954   

0.09740088   0.0980221   0.067532234   0.07937531   0.080821075   0.102821596   0.14125207   0.06330736   0.07215156   0.07933303   0.09473898   0.123540305   0.08135155   0.06571073   0.06032774   0.0678348   0.058104105   0.069845445   0.061255157   0.08045911   

0.07111547   0.069343306   0.09272821   0.07704994   0.068905994   0.07021474   0.058997948   0.15354386   0.077088274   0.07107357   0.0677792   0.059146166   0.04905961   0.08940151   0.088065885   0.08057628   0.09803087   0.06849224   0.09229602   0.07816939   

0.017172528   0.02014238   0.019907434   0.025441406   0.023961924   0.017284928   0.015823442   0.01756293   0.040737282   0.019210309   0.022066241   0.012465975   0.01602181   0.019666472   0.018061364   0.019267483   0.019047467   0.023095684   0.019334445   0.023286084   

0.025870107   0.029366711   0.03778919   0.029624771   0.027009714   0.029543482   0.02502269   0.02371156   0.027079256   0.043139264   0.033316303   0.024469048   0.03837159   0.038745448   0.019955158   0.025820231   0.02268279   0.038648415   0.034531858   0.03386825   

0.06471222   0.07191598   0.073774114   0.0768823   0.067059204   0.06583104   0.07402377   0.05762966   0.077476606   0.07874938   0.094949976   0.06108443   0.06734032   0.090665005   0.046700813   0.06279262   0.05905444   0.070104614   0.074896224   0.08255601   

0.09371578   0.06416703   0.06763093   0.06631089   0.103647135   0.06439457   0.10345423   0.050527472   0.046861243   0.06459934   0.06533619   0.16325851   0.05437183   0.05444976   0.048594575   0.054063622   0.045611188   0.045377847   0.04915774   0.05699141   

0.01561443   0.018747129   0.017879004   0.017162059   0.010250007   0.036222097   0.015522174   0.010690718   0.012478283   0.020490544   0.016893202   0.012789749   0.052795026   0.014583478   0.010666711   0.013109634   0.012544037   0.033400666   0.012205963   0.015576009   

0.018062497   0.019978909   0.026651813   0.023522701   0.02740231   0.012966675   0.014832607   0.026034025   0.020890439   0.028186196   0.026112357   0.015564667   0.020123456   0.04162666   0.013502625   0.023122868   0.018265167   0.03031673   0.028325353   0.023958066   

0.07883691   0.06839666   0.07383086   0.07381515   0.07980229   0.08588491   0.06611523   0.09572952   0.08243045   0.06263814   0.06249578   0.05673245   0.065348804   0.056232497   0.18049665   0.101355016   0.11378054   0.07713815   0.07560074   0.076102965   

0.07694294   0.074052475   0.06844345   0.078871414   0.0644848   0.058831558   0.0647846   0.07970185   0.0864565   0.07607976   0.075313054   0.058404196   0.06574559   0.08655659   0.09659719   0.123301126   0.10115678   0.058149222   0.098222524   0.08501748   

0.06839629   0.050578285   0.058511008   0.059823573   0.055079225   0.041502222   0.047683977   0.08287742   0.068949945   0.0556338   0.05835835   0.04707668   0.05078885   0.06126754   0.09205876   0.087777436   0.14999542   0.048866563   0.06281738   0.065037236   

0.008067358   0.010165868   0.013234041   0.012469001   0.00899536   0.012636086   0.00817238   0.0074782497   0.010263804   0.013492516   0.009817354   0.006233886   0.014902761   0.010916861   0.007992447   0.0066702827   0.0062646   0.02058895   0.011621195   0.009280816   

0.018720463   0.022042282   0.026333494   0.022976192   0.023610061   0.016957372   0.014731581   0.023409557   0.022016192   0.025865737   0.022500819   0.014575509   0.01832758   0.027218679   0.020275187   0.02750678   0.02096638   0.026643908   0.050030172   0.023488907   

0.046937715   0.045424376   0.048714846   0.054219216   0.04396652   0.035963655   0.04603291   0.044811163   0.05503736   0.05966896   0.058004916   0.040651254   0.043272227   0.0562288   0.039975293   0.050901484   0.048637412   0.054142397   0.049699325   0.06304983   


