Non-Repeat matrix: 
0.10278755   0.050687164   0.03431837   0.04395036   0.015295383   0.053674184   0.07276089   0.07397206   0.020690711   0.034793563   0.08347167   0.05415045   0.022545373   0.028314902   0.07926133   0.085139684   0.06053116   0.0076598357   0.018817967   0.057177387   

0.06734766   0.07887856   0.033699166   0.049828213   0.018435406   0.056029405   0.08672807   0.06965282   0.023724752   0.037701003   0.08612302   0.061045438   0.02153153   0.029832156   0.06476148   0.081975736   0.04750288   0.009637868   0.023556918   0.052007884   

0.0672329   0.051707137   0.054785747   0.047122803   0.020800374   0.05444493   0.06614019   0.0733165   0.022690846   0.045643046   0.084368676   0.055746913   0.024744844   0.03570751   0.058670618   0.09002774   0.056292124   0.009622695   0.025379771   0.05555458   

0.066633984   0.054002956   0.03772489   0.066042714   0.019388713   0.044994805   0.087665275   0.068544395   0.022619052   0.042845797   0.083784   0.06124683   0.023260718   0.033408124   0.05964694   0.08695488   0.05170375   0.009654618   0.024452528   0.05542496   

0.06019798   0.056589533   0.04155759   0.050788276   0.043316193   0.045380075   0.06687379   0.06556971   0.028365   0.040912844   0.08791159   0.05893023   0.021977888   0.037123136   0.061394505   0.08182692   0.053815633   0.010862456   0.027096273   0.05951037   

0.07057105   0.054326314   0.035413094   0.03981033   0.015476256   0.10766236   0.07868228   0.064310595   0.024576716   0.033464722   0.08778473   0.053249415   0.024106935   0.0270573   0.073897764   0.07761094   0.05443027   0.007921045   0.020218644   0.04942927   

0.06994789   0.060028393   0.031572428   0.055815544   0.015770577   0.054548785   0.114165545   0.061028287   0.020077735   0.03731779   0.085954115   0.07136551   0.02072361   0.028506273   0.060387406   0.07838186   0.050468545   0.00822933   0.02049186   0.05521852   

0.07408618   0.0524791   0.03400416   0.043896426   0.018032983   0.048006523   0.06302971   0.1154771   0.021916112   0.033051256   0.07619121   0.047337044   0.023798183   0.030186012   0.08442061   0.09164631   0.059181463   0.008572676   0.022307094   0.05237991   

0.061862454   0.055966638   0.036066003   0.047208477   0.021635782   0.061687704   0.06710997   0.069145866   0.037124027   0.040873114   0.091061   0.05366413   0.023720704   0.034675915   0.0700579   0.08437216   0.054782525   0.0099301385   0.025665358   0.053390108   

0.06727558   0.05245027   0.043511473   0.054301247   0.018389313   0.048248652   0.07447834   0.06540597   0.023222525   0.048190996   0.085295916   0.059603598   0.022956353   0.03420455   0.06335552   0.08119889   0.06596536   0.008292523   0.02452835   0.05912452   

0.073901005   0.05483086   0.037924863   0.05056254   0.019101724   0.057162303   0.07640181   0.064934514   0.024464542   0.041043125   0.09724309   0.05604086   0.023984928   0.03363244   0.06354493   0.082522884   0.053089127   0.008989822   0.022595905   0.05802874   

0.07001246   0.05369825   0.038047798   0.051447004   0.017192977   0.047656354   0.09405914   0.05908098   0.020856887   0.042263776   0.08374813   0.09027559   0.022009365   0.030413495   0.05879035   0.083955005   0.051197007   0.009351454   0.020571891   0.05537216   

0.07006109   0.051748473   0.041722458   0.049511913   0.016460424   0.061560534   0.07409223   0.06979355   0.023865908   0.040764064   0.08575552   0.055655427   0.035493553   0.031595953   0.070439264   0.08263756   0.052896816   0.008549056   0.022488864   0.05490727   

0.06637107   0.055207796   0.044350397   0.057207175   0.021350266   0.04660952   0.06706648   0.07530997   0.023335194   0.044680517   0.08789721   0.054833036   0.023113407   0.039902434   0.059964873   0.08192578   0.05380855   0.0108008385   0.026997175   0.0592683   

0.07629152   0.04754925   0.029271333   0.038302995   0.015246682   0.05367233   0.060074247   0.08462619   0.020192655   0.03132143   0.07482745   0.045301598   0.020635722   0.025639888   0.122764416   0.08928443   0.08478843   0.007346987   0.018992113   0.05387032   

0.0750335   0.051393606   0.037014455   0.04670492   0.018281931   0.04841847   0.06593045   0.076526426   0.022737993   0.03752054   0.08000689   0.05390808   0.022073274   0.028595315   0.074467085   0.115834974   0.06274791   0.0074599525   0.021529017   0.053815264   

0.068025276   0.040676996   0.033551574   0.038497157   0.014854879   0.047805533   0.056851257   0.0672961   0.019665113   0.04280423   0.068501405   0.04849647   0.01905807   0.025483627   0.095843494   0.08447353   0.14697152   0.0068847192   0.017826842   0.05643219   

0.06456545   0.059233326   0.043784395   0.051763516   0.02410868   0.052709933   0.07351729   0.07039987   0.02547845   0.03907507   0.08600126   0.05402951   0.023348797   0.03519021   0.061287303   0.0785398   0.053639226   0.014335304   0.02978495   0.05920758   

0.06364567   0.055116314   0.043170698   0.05876136   0.023226002   0.04869107   0.06382672   0.0717038   0.028189177   0.044774298   0.08507918   0.05442482   0.02292893   0.037584048   0.06236795   0.08537756   0.05123083   0.009907606   0.03239902   0.05759498   

0.07429234   0.050902348   0.036098186   0.04961371   0.018669447   0.04892286   0.07415342   0.06903525   0.022527492   0.04023224   0.08649245   0.05886985   0.022282595   0.032480944   0.06934027   0.08364203   0.0682946   0.008674439   0.022712747   0.06276279   



Repeat matrix: 
0.112430654   0.045092225   0.023878686   0.041188072   0.022338714   0.044615403   0.1037754   0.06882862   0.016124928   0.024993407   0.06443829   0.092293754   0.015512385   0.01623791   0.082951814   0.0823119   0.070355125   0.008631884   0.018448848   0.045551997   

0.072137766   0.09208671   0.02742982   0.064627044   0.020214664   0.058426302   0.102309   0.06542941   0.02014905   0.028208045   0.07064835   0.062290918   0.02003329   0.019653467   0.06723134   0.08227087   0.051176522   0.009151312   0.021430029   0.04509613   

0.072056256   0.04517855   0.041199617   0.05302604   0.019392578   0.073908016   0.07014553   0.09740492   0.020261744   0.040542737   0.07542131   0.065843865   0.016688738   0.026658857   0.07511913   0.063433975   0.05715847   0.013318837   0.027287921   0.04595285   

0.0738145   0.05643248   0.027627878   0.076516084   0.01977163   0.03863388   0.08411721   0.076351784   0.024188044   0.02938704   0.077665724   0.07145338   0.017285276   0.022601355   0.07661191   0.07685818   0.05656528   0.013889185   0.024175895   0.05605332   

0.07606671   0.04522403   0.032728277   0.03956866   0.06588218   0.042639893   0.077434294   0.06642604   0.025070537   0.028129553   0.066600375   0.11196453   0.009850268   0.026825638   0.087944336   0.06642369   0.05663671   0.008108709   0.02124146   0.045234017   

0.07028799   0.050650634   0.03759917   0.02983518   0.016855488   0.13692136   0.10219837   0.07214306   0.017029183   0.031038208   0.06473847   0.06440673   0.035689965   0.013936408   0.09002406   0.06247456   0.040178042   0.011230257   0.01659966   0.03616314   

0.095186576   0.055889606   0.020406513   0.044808533   0.021824192   0.06488286   0.13366643   0.05773214   0.01454521   0.023371896   0.07261989   0.104305424   0.0152264545   0.014414571   0.07160978   0.07038588   0.04761735   0.009169599   0.013873264   0.0484638   

0.0718958   0.044925567   0.029875217   0.040261805   0.018031856   0.055926733   0.06176233   0.15142387   0.01773389   0.022824468   0.055215646   0.046878446   0.011032794   0.029803703   0.10023677   0.08055736   0.08711385   0.006920896   0.024030995   0.04354787   

0.082860745   0.04841761   0.028605036   0.05022816   0.03581677   0.057156708   0.068784505   0.07784786   0.0409696   0.027295666   0.07405534   0.04829697   0.01236207   0.021205364   0.083412044   0.091599196   0.06830501   0.010421851   0.021318305   0.051041186   

0.0778883   0.055592116   0.040154263   0.055842336   0.017986985   0.058552437   0.084210865   0.07161443   0.017492458   0.038680922   0.07171409   0.070634365   0.016683927   0.026930861   0.06574274   0.07715256   0.054036792   0.012991874   0.027077233   0.059020385   

0.07232268   0.050665263   0.033352952   0.05943416   0.020304807   0.06061471   0.097831346   0.06827523   0.022466889   0.032031994   0.08786197   0.067552425   0.016986968   0.025366899   0.06300906   0.076148115   0.05720683   0.009719497   0.02228059   0.05656755   

0.110467985   0.040043928   0.02840756   0.04820683   0.028217819   0.047844492   0.12446443   0.06261819   0.012224516   0.024119599   0.06319604   0.15063995   0.01257462   0.015339345   0.060458504   0.06141912   0.04875817   0.0064573647   0.013722165   0.0408193   

0.080794714   0.056460436   0.042360865   0.044350747   0.010618337   0.122638024   0.080908395   0.051279437   0.015315295   0.037031807   0.06436609   0.05452357   0.058263328   0.01929021   0.07745873   0.067473695   0.045635313   0.011291255   0.018483091   0.04145665   

0.07546657   0.047579806   0.03601572   0.067638434   0.026267216   0.03495572   0.06974814   0.09271317   0.018323394   0.03910732   0.09058096   0.05266518   0.013672275   0.0405214   0.05471007   0.08757081   0.06015976   0.009499258   0.028848797   0.053956103   

0.07434745   0.04093342   0.026458485   0.037108008   0.024043875   0.060463876   0.058648437   0.08740551   0.0175746   0.019432701   0.046283927   0.050172575   0.010510831   0.012880571   0.17657155   0.099407546   0.09005574   0.0077908547   0.02019856   0.03971142   

0.07346161   0.047379512   0.026137426   0.050568104   0.01677184   0.044126853   0.07047743   0.07879639   0.017612766   0.025651831   0.061646234   0.056060042   0.013859813   0.024274195   0.10116986   0.12040576   0.08735074   0.006953789   0.026836012   0.05045985   

0.07246118   0.03235455   0.023356069   0.041965965   0.01701971   0.037730522   0.059884824   0.10793532   0.01921146   0.021359403   0.058142833   0.04389008   0.0118665155   0.01775558   0.11210398   0.100338876   0.1444053   0.0066269482   0.020447245   0.051143687   

0.06464831   0.06273903   0.041549955   0.0672669   0.016177492   0.090260975   0.07359832   0.07984347   0.02461996   0.037214328   0.06314584   0.04430357   0.03324177   0.02866262   0.08006784   0.05440585   0.04716164   0.014625375   0.024641557   0.05182529   

0.07003248   0.047916148   0.04185102   0.052520286   0.018471036   0.04771029   0.062350813   0.09979314   0.01830237   0.035561282   0.07366428   0.047797006   0.011495666   0.026577907   0.07641897   0.10291326   0.06271213   0.010415187   0.047342315   0.046154484   

0.08761075   0.048351444   0.030544944   0.05062953   0.021812677   0.045215983   0.08220045   0.08257109   0.024180712   0.03202072   0.080259025   0.059001587   0.015496419   0.022367666   0.08225936   0.08640184   0.059807934   0.008185831   0.021363184   0.05971894   


