Non-Repeat matrix: 
0.098703764   0.05118693   0.034753256   0.04457967   0.015391622   0.05428027   0.07281676   0.07401872   0.021210639   0.03529516   0.084163874   0.05449337   0.022643384   0.028814385   0.07835228   0.085537314   0.05981301   0.007792965   0.019170752   0.05698193   

0.06798358   0.077771425   0.033919644   0.05018399   0.018495629   0.05554155   0.08667738   0.06987462   0.023586236   0.037613146   0.085652076   0.06078069   0.021566095   0.029874684   0.065084174   0.0816984   0.04830906   0.009615345   0.02349051   0.052281745   

0.06791069   0.051714133   0.053452674   0.048149485   0.02066372   0.054690983   0.06664271   0.07298373   0.022899777   0.044830147   0.084307194   0.056317054   0.024522705   0.035371777   0.059519917   0.08942968   0.056152523   0.009529218   0.025275262   0.05563654   

0.06760781   0.054378532   0.03807561   0.06442797   0.019347409   0.045695603   0.08601649   0.06879052   0.022774307   0.042653337   0.083873115   0.061291054   0.022940401   0.03318753   0.060216773   0.08710101   0.05203237   0.009588886   0.024409605   0.05559159   

0.061118715   0.05556972   0.040959653   0.05113011   0.043501604   0.04493118   0.06811529   0.06702305   0.02821947   0.040412087   0.08761123   0.0590842   0.02196407   0.036382392   0.06161323   0.0812921   0.05399195   0.010892985   0.026889348   0.05929758   

0.070677474   0.054334104   0.035703175   0.040464442   0.015438791   0.103343904   0.078520596   0.06521768   0.024519969   0.033781126   0.0872712   0.05380976   0.02426384   0.027446257   0.07391842   0.078519575   0.054986257   0.0077706533   0.020160206   0.04985248   

0.06980376   0.060291946   0.03205291   0.055299718   0.016110202   0.05470418   0.11189921   0.061449196   0.020345856   0.03767225   0.0859932   0.07049099   0.020797595   0.028809039   0.0605015   0.07896312   0.05086037   0.008262952   0.020583237   0.05510875   

0.07370904   0.052402716   0.034503102   0.04455272   0.01787287   0.04921737   0.06375762   0.111677274   0.022069575   0.03361258   0.07644213   0.048068043   0.024097294   0.030214231   0.08405352   0.09093915   0.059280127   0.008561709   0.022240335   0.05272856   

0.06313933   0.055288803   0.036254805   0.048214313   0.021999981   0.060763184   0.06798202   0.06981188   0.035286423   0.040824972   0.0906052   0.053925596   0.023515882   0.034232978   0.06973949   0.08460865   0.054598298   0.009963553   0.025449503   0.053795192   

0.067585416   0.052319128   0.04269813   0.05324297   0.018529184   0.048059992   0.07375526   0.06555518   0.023293782   0.048413113   0.08611918   0.059704863   0.023379149   0.03426545   0.06316128   0.08128921   0.06609613   0.008484166   0.024565263   0.059483133   

0.07398131   0.054766778   0.03764673   0.049981885   0.018862844   0.05659183   0.07657446   0.06547809   0.024310738   0.041093074   0.09725676   0.05628833   0.023903515   0.03367835   0.063767694   0.0826293   0.053411644   0.009062894   0.022543801   0.058169853   

0.07000324   0.05370089   0.037949227   0.051905803   0.017288128   0.04830783   0.0930036   0.05982662   0.020954141   0.042281196   0.083645135   0.08831449   0.021788212   0.030450055   0.058787316   0.084215686   0.05206811   0.009130631   0.020817108   0.055562563   

0.07005595   0.051757943   0.041623   0.04924218   0.016413499   0.061103206   0.07364186   0.07044391   0.023715429   0.041080147   0.086689614   0.054949448   0.034958825   0.032057926   0.06996739   0.08240537   0.053312503   0.008537955   0.022795402   0.055248506   

0.06637528   0.05467315   0.043361183   0.055754337   0.021171674   0.04717829   0.067803316   0.07514902   0.023286631   0.044630937   0.08861011   0.055075075   0.023449177   0.039671417   0.06073848   0.08122009   0.05421072   0.010822466   0.02708421   0.059734482   

0.076202825   0.047689922   0.029926563   0.038812634   0.015285333   0.054248862   0.060759567   0.08414764   0.020417038   0.03174219   0.074870266   0.045652237   0.02081226   0.02580658   0.120683685   0.08876142   0.084012166   0.0074158954   0.019024223   0.053728666   

0.07489027   0.051585402   0.037058778   0.047004327   0.018113328   0.049355898   0.067214206   0.075930685   0.022851108   0.037270002   0.08037593   0.054537825   0.02199036   0.028365731   0.074147   0.11388624   0.06238421   0.0074568186   0.021612452   0.053969465   

0.067169376   0.041193727   0.03348982   0.039041676   0.015009961   0.04823072   0.057856355   0.067539886   0.019817244   0.04219029   0.06919304   0.048418578   0.019074658   0.025751786   0.09489144   0.083564065   0.14643449   0.0069025997   0.018003622   0.056226794   

0.065757915   0.05918499   0.042740166   0.05154515   0.02390907   0.05174665   0.07407982   0.06963283   0.02509798   0.03982048   0.08696643   0.05356185   0.023240035   0.03569136   0.061998505   0.07803004   0.0534735   0.014240687   0.02974121   0.05954135   

0.06439847   0.05506854   0.04185722   0.057426974   0.023060743   0.049082432   0.06524917   0.071842745   0.02779968   0.044650923   0.08543829   0.054930285   0.023164932   0.037146576   0.06293412   0.08457441   0.051352147   0.010062685   0.03222476   0.057734825   

0.07390038   0.051100485   0.03629334   0.049257316   0.018646965   0.048921406   0.07407541   0.069160916   0.022500578   0.04086611   0.0871127   0.058437087   0.022450076   0.032497175   0.06917414   0.08381554   0.06730907   0.008876161   0.022810198   0.06279502   



Repeat matrix: 
0.114499085   0.04510882   0.024880722   0.04168706   0.022026632   0.045466576   0.10095715   0.069700286   0.016508156   0.025328567   0.0645508   0.09280567   0.015535055   0.016960697   0.08138893   0.080307156   0.06938546   0.008286295   0.018614165   0.046002768   

0.07288188   0.09173764   0.028211454   0.06404768   0.020372882   0.05928716   0.100843035   0.067054994   0.020057332   0.028448917   0.07087744   0.06308728   0.019512506   0.019620623   0.06794007   0.07903108   0.050825413   0.00949266   0.021479001   0.04519085   

0.07190427   0.045305844   0.043458484   0.05271088   0.020251606   0.071633615   0.068855196   0.095206924   0.0202264   0.039364375   0.07465351   0.0668285   0.017134968   0.026536198   0.0753576   0.065513924   0.057755638   0.013289433   0.026715614   0.047296867   

0.07435036   0.05773745   0.028723972   0.077892795   0.019622494   0.0391038   0.081780404   0.07667573   0.024997426   0.029401382   0.07685497   0.069211185   0.017165484   0.022877902   0.07572778   0.07802355   0.057977565   0.013240148   0.02358509   0.05505055   

0.077515095   0.045818817   0.032910537   0.0400937   0.07048808   0.041516043   0.07916902   0.06748478   0.024713378   0.02751234   0.06652075   0.10773246   0.010047313   0.02702115   0.085155085   0.06526699   0.055959176   0.008420748   0.022385407   0.044269174   

0.069310606   0.05081017   0.0362064   0.030521477   0.016531618   0.14104353   0.10256104   0.07151365   0.017184922   0.030056601   0.065000765   0.0646187   0.035555273   0.013389846   0.089104064   0.061016284   0.04085734   0.0118781915   0.016684623   0.03615499   

0.093707964   0.055707328   0.021584196   0.04483849   0.021587424   0.06571889   0.13741048   0.058084745   0.015166028   0.024023052   0.07295448   0.10357873   0.015474868   0.014428037   0.06951601   0.068329446   0.047723573   0.008659577   0.014159592   0.047347162   

0.07257943   0.0446547   0.030189399   0.04120377   0.017732458   0.054350924   0.06226486   0.15408939   0.017590238   0.02307004   0.05625168   0.04860161   0.010903564   0.027758794   0.09840099   0.07979057   0.085939676   0.0071941135   0.023608701   0.043825116   

0.080696195   0.04852184   0.02899274   0.053138122   0.03325144   0.057211947   0.07083908   0.077398464   0.040590215   0.027236644   0.0757623   0.048083942   0.012488906   0.02082256   0.0823241   0.08924626   0.06857421   0.0103421   0.021527583   0.052951276   

0.07845807   0.054852962   0.039739735   0.05428923   0.018607281   0.05831783   0.08213587   0.07177004   0.018307416   0.040571973   0.07450307   0.067785926   0.01831632   0.027305422   0.06463459   0.07666436   0.0546564   0.0133071765   0.026492214   0.059284035   

0.07294931   0.051051483   0.03282307   0.05804013   0.020346774   0.05966505   0.09645434   0.067972794   0.022139896   0.032561623   0.09077408   0.0667804   0.016999641   0.025596153   0.06302557   0.0759328   0.057538565   0.009659529   0.02242882   0.05726015   

0.109138876   0.04078262   0.028697714   0.047384188   0.028698483   0.048708186   0.12386039   0.06096486   0.012355225   0.024160666   0.062167756   0.15538265   0.0127332   0.015445042   0.059485167   0.060533315   0.047974266   0.0063371137   0.014093912   0.041096427   

0.08147003   0.05490484   0.04089061   0.045516547   0.011281773   0.12593168   0.08128121   0.050656978   0.015575594   0.037842836   0.065690756   0.05505193   0.05452727   0.019812062   0.071586296   0.06670596   0.04784062   0.01268701   0.018510533   0.04223547   

0.074590154   0.04905406   0.03613324   0.06545622   0.026056193   0.0359563   0.068310045   0.09115905   0.018826082   0.038896613   0.09073732   0.053527154   0.014069188   0.04110619   0.055673048   0.08723846   0.060666475   0.010127272   0.027876899   0.054539986   

0.07395912   0.039873824   0.026109757   0.037639078   0.023001194   0.059852686   0.0594707   0.08795259   0.017681869   0.01972234   0.04604319   0.04992312   0.010545573   0.013135663   0.17911789   0.09806153   0.090188555   0.007875759   0.020217529   0.03962808   

0.07399245   0.045892563   0.026477505   0.050169274   0.016981004   0.0438209   0.069907054   0.07939602   0.018350644   0.025567524   0.061838638   0.05561608   0.013521222   0.023585012   0.10147701   0.12227914   0.08696296   0.006666498   0.026990889   0.050507687   

0.073621154   0.03249764   0.02325775   0.040995557   0.017282322   0.036921196   0.059226133   0.10445474   0.018900862   0.021831306   0.058352914   0.044682   0.012165574   0.017912071   0.11258916   0.100556746   0.14796677   0.0063574966   0.020582236   0.04984631   

0.06661115   0.060257405   0.041837703   0.06539139   0.01699108   0.08841188   0.07221376   0.073857196   0.024005426   0.037445743   0.066568054   0.04495565   0.034209847   0.029174168   0.079200536   0.055651747   0.04789353   0.017387182   0.024896566   0.053039964   

0.069808654   0.048027325   0.04118681   0.05334493   0.019654151   0.047344223   0.061831523   0.09670377   0.018680621   0.034592163   0.074385054   0.048729766   0.011696575   0.027173422   0.07615439   0.10077717   0.0627494   0.010783307   0.048781827   0.047594935   

0.08644749   0.048621796   0.030530298   0.0512254   0.02189905   0.044951707   0.081746645   0.08039557   0.023717597   0.032776877   0.08103223   0.058392655   0.015568954   0.023035083   0.07978211   0.08580239   0.061983217   0.008651252   0.0222608   0.06117886   


