Non-Repeat matrix: 
0.14898713   0.06471941   0.064487875   0.06348287   0.057863604   0.06749068   0.06610461   0.069618575   0.061730642   0.062941045   0.06939613   0.06552494   0.06723842   0.06351116   0.07245571   0.06914019   0.063653015   0.062105276   0.06007897   0.06997701   

0.048018437   0.12832968   0.047992434   0.05213443   0.052201755   0.051660817   0.05785358   0.049223684   0.052547112   0.04933081   0.05198721   0.052328687   0.048648436   0.05065866   0.045086525   0.04839081   0.038664784   0.056486946   0.053077236   0.048105497   

0.032697067   0.03279669   0.10528808   0.03533817   0.039170083   0.03436296   0.030581232   0.033774998   0.03466954   0.040227924   0.035357658   0.03500955   0.038457204   0.040583994   0.028240642   0.035484105   0.031081853   0.039521534   0.039683618   0.034580797   

0.042485755   0.047025986   0.046644468   0.115672395   0.048686393   0.038442038   0.05246842   0.042819723   0.04583991   0.05037911   0.046721593   0.049093477   0.046531092   0.051267616   0.03719627   0.04535119   0.037137598   0.050059576   0.052553184   0.046299838   

0.014506286   0.01763853   0.019367544   0.018237764   0.095880374   0.014393247   0.015403174   0.01636565   0.021068526   0.017681375   0.017929107   0.017014507   0.01609132   0.020212118   0.014430395   0.016625682   0.014337099   0.022206975   0.021355953   0.017986111   

0.05078121   0.052389838   0.050994   0.043219414   0.04319836   0.1525969   0.052832156   0.046417017   0.056577746   0.04513002   0.053725682   0.0470322   0.05645678   0.045430068   0.05161573   0.046735436   0.04495747   0.04783501   0.046749435   0.04629157   

0.06872497   0.08106615   0.0627057   0.081506826   0.06387666   0.072999835   0.16064912   0.0602975   0.0640877   0.06941772   0.072940275   0.08778945   0.06746867   0.065614626   0.05810861   0.06431234   0.055686228   0.06937791   0.06407544   0.0704198   

0.06967677   0.0663993   0.06666954   0.06403537   0.065334916   0.061742023   0.05804695   0.16066015   0.066189945   0.060516186   0.06223209   0.056898866   0.06967767   0.06922667   0.0788726   0.071776524   0.063552886   0.067007214   0.068351515   0.065132104   

0.01939542   0.022252243   0.02148403   0.02152065   0.026404733   0.023625707   0.019368244   0.020779138   0.087932475   0.022318011   0.02318449   0.020029865   0.022381162   0.023053909   0.0198809   0.021330794   0.018554177   0.02437523   0.025555113   0.021072932   

0.03393761   0.035850246   0.042780343   0.040589254   0.0380288   0.032341015   0.036002688   0.032602888   0.038300503   0.10025921   0.038538963   0.039268892   0.038512945   0.041830327   0.030939221   0.035016965   0.03907148   0.037148688   0.041713588   0.0391681   

0.079844005   0.080617644   0.08023426   0.08032263   0.082283914   0.0821542   0.08072195   0.071541585   0.08489971   0.08223557   0.14634955   0.07810388   0.082422026   0.085119694   0.069523446   0.075509205   0.06549804   0.08263388   0.08050088   0.08235652   

0.052006166   0.055977643   0.054802965   0.05822175   0.05386626   0.04961172   0.06702052   0.045122065   0.05059736   0.057802886   0.053878285   0.13855708   0.05212708   0.053099114   0.04336559   0.05225834   0.04501952   0.05427992   0.051613376   0.054856442   

0.020509759   0.020000389   0.023136092   0.02120799   0.019578705   0.022887582   0.019795315   0.021236055   0.021728376   0.021787249   0.0218514   0.020033563   0.088099815   0.021723999   0.019520784   0.020068295   0.017478634   0.02110168   0.021439482   0.020723483   

0.026806759   0.028818704   0.033784565   0.03233334   0.03402948   0.025484635   0.026638646   0.029194754   0.030969946   0.032744482   0.031226067   0.02823796   0.030060139   0.09203013   0.02412665   0.026939716   0.024383374   0.035063073   0.035241414   0.030876096   

0.073550925   0.06168631   0.056540463   0.056419354   0.05843095   0.069636725   0.056737896   0.079997934   0.06423225   0.05824753   0.06133943   0.055464175   0.06496354   0.05802542   0.16975729   0.07071251   0.09049583   0.05937333   0.059702605   0.06635751   

0.08250405   0.077827685   0.0835118   0.080862395   0.07913587   0.07411938   0.07381697   0.08557842   0.08101275   0.07749538   0.07831366   0.07856915   0.078507684   0.0761629   0.08312381   0.16316207   0.079230174   0.07232958   0.07987137   0.07925244   

0.056253195   0.046054315   0.054175682   0.04904054   0.050540403   0.05280449   0.04733618   0.05611779   0.0521881   0.06403843   0.050309435   0.050128054   0.050639875   0.051053762   0.07878459   0.05867784   0.19352546   0.049607944   0.04891666   0.062433667   

0.007368142   0.009032419   0.009247675   0.008874213   0.010509162   0.007542514   0.007917132   0.007943066   0.009204067   0.00817383   0.008520804   0.008113728   0.008207359   0.009855648   0.0069391355   0.0071911896   0.0066596665   0.067892835   0.010230397   0.008557298   

0.018378407   0.02188367   0.023942303   0.024021363   0.02605875   0.019006515   0.018853595   0.020891547   0.024880825   0.023665493   0.02140321   0.019892959   0.021500899   0.025541384   0.017991325   0.020475373   0.016932223   0.026378395   0.08498466   0.021700837   

0.053567994   0.049633086   0.052210074   0.052959364   0.054920763   0.047096945   0.051851593   0.049817543   0.051342454   0.055607732   0.05479501   0.052908987   0.05200795   0.05599873   0.05004084   0.05084146   0.0540805   0.055215023   0.05430517   0.11385195   



Repeat matrix: 
0.16706629   0.069873855   0.06656076   0.068367675   0.07559265   0.062787354   0.089122266   0.06674454   0.07185025   0.07275004   0.07155912   0.10140038   0.07502823   0.06645232   0.06970655   0.0723813   0.073080845   0.066853754   0.066448234   0.07805067   

0.041942157   0.14697857   0.04359232   0.05800266   0.04326266   0.047507066   0.053197302   0.03981677   0.04754164   0.04995356   0.0485535   0.039610334   0.053480446   0.044830292   0.036242213   0.043772113   0.032184232   0.05275311   0.045858152   0.044909958   

0.023720494   0.0258809   0.099668525   0.028428819   0.028160604   0.033798475   0.020989474   0.029919587   0.028290518   0.038342983   0.030635761   0.02621112   0.033520408   0.034280483   0.023683153   0.023262141   0.022226736   0.03977009   0.03640845   0.02791918   

0.039773636   0.056215532   0.046408534   0.13304116   0.038809408   0.029206999   0.04197148   0.039920926   0.0543885   0.04934759   0.05269381   0.043655496   0.044617407   0.055040747   0.03630033   0.04448617   0.037668135   0.063240334   0.049475867   0.049717203   

0.020047728   0.019114492   0.020956663   0.01769205   0.12702623   0.015041753   0.019462338   0.016665038   0.02901463   0.01902027   0.01968975   0.02883126   0.011562831   0.025405006   0.02044929   0.01603776   0.016303152   0.017508447   0.019891506   0.019785576   

0.04487069   0.05656043   0.067776985   0.035878398   0.0405325   0.19185057   0.063644186   0.049487397   0.052148122   0.057860702   0.054899562   0.047855265   0.11931198   0.034594048   0.05549301   0.041029602   0.033556238   0.07799794   0.043826003   0.042166796   

0.09396561   0.09344074   0.06209817   0.07606634   0.07737348   0.09389682   0.18896861   0.057724554   0.06591439   0.07420918   0.08943551   0.11674508   0.076494016   0.060064077   0.05918785   0.06633979   0.05553075   0.0728151   0.05586422   0.07874376   

0.066996485   0.06658345   0.08427261   0.06887989   0.06307496   0.06950889   0.054955874   0.20689498   0.07234203   0.066236146   0.06426717   0.054748733   0.04945105   0.093806155   0.083368935   0.07448266   0.09649992   0.06541489   0.087927096   0.07325207   

0.016473958   0.018159663   0.018201414   0.021435434   0.02508425   0.016730843   0.014333993   0.016524337   0.09699038   0.017393516   0.020376964   0.011722348   0.01404959   0.01761877   0.016363412   0.018146258   0.017546352   0.021390399   0.017643847   0.020958252   

0.024219343   0.027705088   0.03581868   0.028239084   0.023875926   0.026953941   0.023431713   0.021967867   0.02525497   0.097075246   0.029551504   0.023473274   0.032129463   0.035005834   0.018455166   0.023898423   0.020292092   0.036493644   0.03211072   0.03137263   

0.058731087   0.06638768   0.07055475   0.07433924   0.06093371   0.06304946   0.0696194   0.052547973   0.072941184   0.07285401   0.14456241   0.05880055   0.06384351   0.081504785   0.043840148   0.05823031   0.0535989   0.06527963   0.068232186   0.07630527   

0.08828941   0.057456803   0.06403968   0.065337636   0.09465575   0.058305316   0.09641062   0.047490507   0.044515774   0.061392248   0.062380284   0.2046707   0.051859416   0.04980644   0.04550763   0.050601866   0.043962743   0.044591878   0.04489759   0.05631038   

0.01501994   0.017836206   0.018829871   0.0153533565   0.008728147   0.03342235   0.014524067   0.009862402   0.012266974   0.019320477   0.015572459   0.011923455   0.11373489   0.013922565   0.011097997   0.0125955315   0.011017907   0.02695405   0.012171757   0.0141819995   

0.017156916   0.019282555   0.024835365   0.02442693   0.0247322   0.012497981   0.0147082545   0.024128154   0.019839693   0.027148155   0.025639476   0.014768811   0.017955802   0.10660978   0.012384025   0.02169696   0.017158674   0.024999132   0.025858825   0.022357639   

0.07662544   0.06637095   0.07305222   0.06859074   0.084760204   0.08535855   0.0617091   0.09129928   0.07845191   0.060937997   0.05871761   0.057453245   0.060939725   0.052726887   0.23100995   0.09792826   0.10762738   0.074184544   0.07573155   0.07276356   

0.072913766   0.07345893   0.065754786   0.077030666   0.06091739   0.057834882   0.063383244   0.07474842   0.07972611   0.07231414   0.071470894   0.058543768   0.06338057   0.084655076   0.08974119   0.17643565   0.09557278   0.05480736   0.09622917   0.08150365   

0.062180948   0.045620587   0.05306694   0.055091348   0.052304585   0.039951812   0.04481306   0.08179834   0.065113485   0.051862266   0.055565678   0.042960525   0.04682841   0.056546856   0.08330617   0.0807244   0.19824791   0.04559454   0.06096444   0.06347995   

0.0073599294   0.009675198   0.012285675   0.011967338   0.0072679156   0.01201546   0.007603028   0.0071744435   0.010270629   0.012068018   0.008756339   0.005638124   0.014822736   0.01065967   0.0074295406   0.00598968   0.0058993874   0.07918715   0.010002432   0.008799339   

0.01750973   0.020131519   0.0269211   0.022410162   0.019764148   0.016159851   0.013961981   0.02308248   0.020277742   0.025416572   0.02190697   0.013587829   0.016021598   0.026392212   0.018154051   0.025172113   0.018880732   0.023941632   0.105010025   0.020708974   

0.045136407   0.04326701   0.045305148   0.04942111   0.043143306   0.034121677   0.043190055   0.042202085   0.052861035   0.05449694   0.05376527   0.037399843   0.040967956   0.050078023   0.03827938   0.04678905   0.04314526   0.0462224   0.0454478   0.11671308   


